subs = [3 53; 10 4; 13 2; 17 25; 17 29; 21 14; 22 7; 25 21; 30 2; 34 58; 35 1; 41 18; 41 25; 43 2; 44 16; 44 19; 44 23; 44 36; 45 6; 46 1; 46 6; 49 16; 56 3; 56 19; 59 1; 61 38; 63 46; 69 5; 76 2; 83 2; 83 13; 83 68; 84 16; 86 20; 87 9; 87 22; 94 5; 95 93; 100 23; 101 63; 109 9; 109 25; 114 4; 119 3; 124 3; 124 13; 130 1; 132 32; 134 10; 135 2; 139 5; 140 1; 141 1; 150 5; 152 37; 154 6; 160 37; 162 7; 162 17; 164 6; 165 1; 170 18; 171 20; 173 2; 177 1; 180 15; 183 6; 192 22; 192 76; 199 5; 205 6; 207 2; 211 28; 212 1; 212 2; 212 7; 212 17; 219 2; 220 7; 221 5; 224 6; 224 9; 227 13; 230 18; 239 17; 243 24; 244 11; 245 7; 249 18; 250 5; 257 1; 257 20; 261 15; 262 19; 263 24; 265 5; 267 10; 268 5; 269 1; 269 3; 277 6; 282 21; 282 25; 289 17; 290 2; 302 25; 309 3; 311 7; 312 13; 315 29; 319 6; 322 28; 325 20; 326 1; 331 26; 331 31; 334 2; 334 5; 336 16; 338 1; 339 17; 341 22; 342 1; 355 11; 356 57; 357 11; 361 1; 366 2; 371 3; 376 3; 378 7; 378 29; 380 19; 385 5; 386 1; 388 9; 393 17; 398 3; 400 20; 405 11; 409 3; 409 16; 412 71; 416 58; 417 3; 417 43; 418 4; 420 1; 424 18; 425 36; 425 92; 440 1; 440 8; 441 3; 442 1; 446 18; 448 16; 449 1; 449 46; 450 1; 455 42; 458 1; 459 17; 462 38; 462 42; 463 3; 467 5; 467 49; 468 47; 488 20; 489 1; 492 8; 494 1; 495 53; 496 1; 496 2; 496 7; 499 52; 512 19; 520 3; 522 3; 538 10; 544 25; 550 47; 551 13; 552 20; 554 94; 557 10; 557 54; 560 97; 561 24; 561 41; 564 16; 568 7; 570 25; 570 58; 574 8; 575 17; 577 74; 578 1; 578 3; 579 9; 581 2; 582 96; 590 4; 592 17; 592 25; 593 4; 593 40; 597 7; 601 53; 609 25; 613 5; 620 29; 621 15; 623 1; 624 6; 627 1; 627 2; 627 5; 627 6; 627 8; 627 18; 627 88; 628 26; 636 7; 637 15; 639 1; 641 1; 643 13; 644 4; 646 15; 652 69; 653 7; 664 9; 664 20; 665 21; 666 6; 668 1; 669 5; 671 11; 673 58; 675 42; 676 4; 676 15; 676 64; 678 18; 679 22; 681 5; 682 1; 683 1; 685 79; 687 2; 687 3; 687 17; 695 27; 707 7; 708 1; 709 15; 713 94; 719 78; 722 1; 724 2; 725 65; 728 53; 729 1; 729 2; 729 6; 729 36; 729 74; 732 5; 732 32; 736 1; 737 21; 738 22; 742 23; 743 1; 743 6; 751 7; 754 2; 754 22; 759 3; 760 19; 762 2; 767 2; 767 4; 767 6; 767 17; 767 20; 769 8; 770 1; 772 25; 778 98; 785 5; 786 5; 790 1; 793 50; 797 13; 798 4; 806 14; 809 16; 811 1; 811 7; 814 43; 816 2; 817 7; 819 17; 820 22; 826 46; 827 4; 827 13; 833 1; 835 54; 836 1; 837 2; 840 1; 841 6; 842 2; 844 31; 846 7; 852 3; 853 10; 854 20; 855 58; 859 5; 861 5; 861 6; 861 41; 864 11; 865 1; 866 22; 866 30; 868 1; 869 2; 870 7; 878 3; 881 13; 882 3; 885 2; 886 1; 887 55; 889 5; 890 6; 891 2; 892 19; 902 1; 907 60; 909 88; 911 8; 913 85; 915 1; 918 19; 921 3; 924 21; 928 28; 931 69; 933 6; 936 3; 937 1; 937 54; 947 2; 947 3; 947 9; 947 10; 948 2; 948 23; 948 28; 949 1; 949 98; 950 2; 960 23; 963 60; 966 16; 966 89; 972 1; 974 5; 975 9; 979 1; 981 26; 984 1; 987 16; 987 28; 989 1; 991 38; 997 16; 1001 22; 1004 3; 1005 13; 1006 7; 1007 14; 1009 20; 1014 24; 1015 75; 1018 4; 1022 3; 1024 6; 1031 17; 1033 4; 1036 18; 1037 84; 1044 6; 1044 22; 1047 49; 1048 2; 1049 6; 1050 11; 1052 5; 1054 32; 1055 76; 1059 9; 1060 8; 1061 3; 1062 79; 1068 21; 1070 25; 1070 52; 1073 42; 1074 16; 1075 74; 1077 1; 1079 13; 1083 30; 1084 6; 1092 16; 1094 11; 1098 20; 1105 4; 1106 1; 1106 7; 1106 20; 1108 2; 1112 6; 1113 72; 1115 11; 1120 41; 1124 4; 1125 37; 1125 38; 1129 3; 1134 1; 1139 5; 1139 25; 1140 2; 1140 28; 1141 18; 1144 13; 1144 15; 1144 55; 1147 5; 1152 16; 1153 13; 1157 29; 1164 10; 1166 61; 1170 1; 1172 17; 1174 16; 1175 17; 1176 30; 1178 13; 1178 30; 1178 63; 1179 1; 1179 5; 1179 8; 1181 15; 1182 19; 1184 1; 1185 9; 1187 1; 1187 18; 1187 98; 1189 65; 1193 7; 1197 1; 1198 2; 1203 2; 1207 32; 1212 17; 1212 31; 1213 32; 1213 35; 1218 6; 1228 22; 1230 21; 1236 1; 1236 2; 1239 16; 1242 41; 1246 40; 1247 23; 1249 4; 1252 38; 1253 1; 1254 22; 1259 12; 1264 11; 1265 3; 1266 5; 1267 22; 1267 24; 1268 1; 1273 16; 1275 5; 1275 6; 1278 32; 1279 10; 1279 19; 1287 5; 1288 10; 1289 38; 1296 73; 1300 15; 1303 1; 1303 30; 1304 6; 1305 7; 1307 31; 1310 9; 1311 27; 1312 1; 1312 5; 1312 19; 1312 93; 1313 2; 1320 1; 1320 6; 1322 6; 1324 1; 1324 3; 1329 38; 1332 1; 1333 1; 1334 22; 1335 1; 1340 3; 1340 62; 1342 27; 1344 18; 1347 11; 1348 1; 1349 1; 1349 22; 1349 32; 1358 17; 1359 14; 1360 21; 1362 29; 1363 1; 1363 2; 1364 1; 1367 6; 1367 41; 1368 23; 1371 9; 1377 16; 1378 11; 1382 1; 1382 24; 1387 46; 1390 2; 1390 4; 1390 5; 1390 7; 1395 1; 1396 14; 1400 54; 1401 28; 1402 5; 1410 2; 1410 12; 1415 80; 1420 52; 1422 3; 1427 20; 1430 1; 1433 1; 1434 6; 1438 58; 1441 21; 1443 2; 1446 1; 1448 5; 1452 46; 1453 1; 1453 6; 1455 52; 1456 38; 1459 6; 1460 11; 1467 5; 1467 22; 1467 32; 1467 36; 1468 3; 1468 19; 1469 4; 1469 62; 1470 42; 1472 23; 1477 3; 1482 7; 1482 25; 1485 1; 1489 18; 1490 22; 1495 35; 1495 48; 1501 3; 1501 5; 1501 7; 1501 13; 1501 16; 1501 37; 1501 90; 1502 3; 1505 5; 1505 8; 1509 76; 1514 5; 1517 8; 1519 18; 1522 3; 1523 25; 1525 1; 1527 10; 1533 1; 1533 2; 1533 4; 1533 5; 1533 7; 1533 10; 1533 13; 1533 15; 1533 17; 1533 38; 1533 55; 1533 69; 1533 99; 1534 2; 1540 32; 1542 76; 1545 22; 1545 58; 1548 21; 1550 1; 1556 18; 1559 32; 1569 10; 1576 25; 1583 1; 1585 9; 1587 1; 1591 2; 1593 6; 1595 25; 1596 1; 1598 7; 1598 17; 1599 22; 1599 32; 1603 17; 1610 2; 1611 71; 1612 21; 1614 21; 1620 15; 1624 26; 1624 28; 1624 31; 1624 32; 1625 1; 1626 88; 1627 1; 1627 5; 1641 2; 1648 5; 1651 2; 1658 11; 1665 4; 1666 3; 1675 2; 1678 1; 1679 14; 1680 26; 1681 6; 1682 2; 1687 13; 1687 29; 1689 1; 1691 6; 1692 92; 1699 9; 1702 75; 1705 41; 1707 3; 1707 23; 1713 16; 1716 12; 1724 1; 1725 22; 1726 21; 1727 3; 1728 1; 1730 72; 1742 25; 1750 22; 1753 40; 1755 13; 1756 2; 1760 16; 1762 37; 1762 41; 1763 3; 1765 1; 1765 2; 1766 64; 1767 65; 1772 2; 1773 4; 1774 11; 1778 7; 1783 5; 1787 9; 1788 27; 1792 52; 1796 5; 1797 2; 1802 42; 1803 61; 1806 1; 1809 40; 1812 2; 1812 28; 1814 79; 1819 6; 1822 7; 1822 20; 1828 41; 1829 57; 1830 30; 1837 19; 1837 48; 1839 27; 1840 11; 1844 15; 1854 58; 1861 2; 1861 5; 1861 7; 1861 37; 1861 64; 1863 29; 1864 3; 1864 19; 1867 1; 1871 3; 1879 4; 1881 7; 1882 88; 1884 6; 1884 13; 1886 13; 1887 9; 1887 27; 1887 65; 1889 3; 1892 20; 1896 2; 1898 2; 1899 21; 1900 2; 1900 17; 1903 69; 1905 26; 1906 88; 1907 32; 1907 36; 1908 13; 1912 15; 1913 7; 1914 1; 1914 20; 1917 3; 1920 55; 1921 21; 1926 6; 1930 5; 1931 26; 1932 83; 1934 32; 1938 40; 1944 11; 1945 11; 1947 21; 1951 33; 1953 5; 1956 12; 1957 10; 1958 56; 1959 18; 1961 13; 1961 15; 1963 17; 1964 73; 1968 6; 1975 1; 1975 18; 1978 2; 1978 18; 1979 9; 1979 21; 1994 21; 1995 20; 2000 22; 2005 25; 2007 13; 2011 42; 2013 17; 2016 20; 2018 7; 2019 18; 2020 69; 2027 1; 2031 38; 2032 2; 2033 1; 2038 38; 2038 61; 2042 1; 2058 2; 2059 37; 2061 5; 2062 15; 2063 5; 2072 1; 2072 5; 2072 6; 2072 13; 2072 18; 2072 22; 2072 24; 2072 29; 2072 36; 2072 74; 2080 51; 2085 63; 2094 25; 2096 1; 2097 1; 2097 13; 2098 22; 2099 10; 2105 3; 2112 2; 2112 4; 2112 15; 2118 10; 2118 35; 2123 22; 2124 17; 2125 25; 2128 50; 2131 1; 2134 5; 2134 22; 2134 26; 2134 28; 2134 31; 2134 32; 2141 23; 2143 15; 2151 2; 2151 10; 2156 7; 2157 1; 2157 3; 2158 1; 2161 4; 2161 6; 2166 5; 2171 6; 2174 2; 2175 6; 2176 28; 2176 75; 2178 1; 2182 48; 2183 9; 2184 2; 2187 1; 2189 7; 2192 4; 2195 15; 2199 8; 2200 89; 2202 6; 2206 6; 2206 8; 2212 82; 2215 21; 2226 15; 2228 21; 2231 3; 2234 1; 2234 6; 2238 1; 2238 30; 2246 3; 2247 3; 2248 24; 2252 5; 2255 43; 2260 28; 2264 37; 2267 20; 2268 11; 2269 1; 2276 1; 2276 2; 2276 15; 2276 93; 2276 98; 2277 31; 2281 3; 2287 3; 2296 4; 2298 4; 2305 17; 2306 15; 2306 71; 2312 1; 2312 13; 2312 21; 2315 3; 2325 4; 2327 20; 2331 60; 2332 25; 2333 81; 2338 4; 2339 6; 2341 1; 2345 2; 2348 1; 2353 3; 2353 46; 2356 2; 2356 7; 2356 37; 2358 32; 2362 29; 2366 11; 2370 6; 2370 13; 2371 19; 2371 23; 2377 3; 2378 14; 2380 12; 2382 14; 2384 13; 2385 26; 2388 1; 2391 4; 2394 14; 2395 1; 2400 14; 2402 5; 2406 2; 2406 48; 2410 2; 2411 70; 2412 1; 2412 8; 2415 1; 2415 19; 2415 98; 2417 78; 2419 26; 2423 7; 2432 13; 2438 47; 2440 47; 2442 1;